0	310	505	470	380	505
310	0	320	510	400	530
505	320	0	815	720	850
470	510	815	0	290	50 
380	400	720	290	0	335
505	530	850	50	335	0  
