0	145	139	139	46	46	152	135	242
145	0	160	160	186	186	246	233	210
139	160	0	0	201	201	261	248	280
139	160	0	0	201	201	261	248	280
46	186	201	201	0	0	162	145	252
46	186	201	201	0	0	162	145	252
152	246	261	261	162	162	0	11	114
135	233	248	248	145	145	11	0	111
242	210	280	280	252	252	114	111	0