0	310	470	560	446	370	420	70
310	0	320	590	500	400	560	250
470	320	0	920	820	700	880	400
560	590	920	0	90	360	300	500
446	500	820	90	0	280	220	420
370	400	700	360	280	0	500	340
420	560	880	300	220	500	0	480
70	250	400	500	420	340	480	0