0	159	190	0	190	256	208	371	50	145	162	208
159	0	35	159	35	280	127	200	118	206	170	127
190	35	0	190	0	247	154	235	145	234	248	154
0	159	190	0	190	256	208	371	50	145	162	208
190	35	0	190	0	247	154	235	145	234	248	154
256	280	247	256	247	0	315	492	246	114	118	315
208	127	154	208	154	315	0	167	160	248	263	0
371	200	235	371	235	492	167	0	325	413	428	167
50	118	145	50	145	246	160	325	0	135	152	160
145	206	234	145	234	114	248	413	135	0	12	248
162	170	248	162	248	118	263	428	152	12	0	118
208	127	154	208	154	315	0	167	160	248	118	0
