0	286	442	246	213	252	113	117	213	286
286	0	167	160	151	201	248	262	151	0
442	167	0	312	234	353	401	414	234	168
246	160	312	0	144	46	142	157	144	162
213	151	234	144	0	186	233	246	0	154
252	201	353	46	186	0	154	169	187	206
113	248	401	142	233	154	0	9	232	250
117	262	414	157	246	169	9	0	246	264
213	151	234	144	0	187	232	246	0	151
286	0	168	162	154	206	250	264	151	0
